15.00   15.00  1.00
20.00   15.00  1.00
22.00   15.00  1.00
27.00   15.00  1.00
27.00   15.00  5.00
15.00   15.00  5.00
16.00   15.00  2.00
18.00   15.00  2.00
18.00   15.00  4.00
16.00   15.00  4.00
22.00   15.00  4.00
20.00   15.00  4.00
24.00   15.00  2.00
26.00   15.00  2.00
26.00   15.00  4.00
24.00   15.00  4.00
27.00   21.00  1.00
27.00   21.00  5.00
27.00   17.00  2.00
27.00   19.00  2.00
27.00   19.00  4.00
27.00   17.00  4.00
15.00   21.00  1.00
15.00   21.00  5.00
15.00   17.00  2.00
15.00   19.00  2.00
15.00   19.00  4.00
15.00   17.00  4.00